ab    1	1	ba    0	1aa    0	0	bb    0	0
t_a	2.63865	t_b	4.20263
kabin  0.145246  kabout	0.883	 kbain	0.251594	kbaout	0.907239	kaain  0.263002	 kaaout	0.632383	 kbbin	0.379395	kbbout	0.451922	nabin  2.04457  nabout	3.67014	 nbain	2.90116	nbaout	3.54424	naain  2.45189	 naaout	2.88947	 nbbin	2.51565	nbbout	2.31032	alpha	0.123256beta  1.2811
初始值:	0
A:
9.41641e-09	4.33013e-08	1.58844e-08	3.74114e-08	6.26312e-08	3.32475e-08	2.91527e-08	4.83186e-08	3.60887e-08	4.72571e-09	4.0262e-08	4.00158e-08	4.59804e-08	3.12312e-08	5.38969e-09	5.98731e-08	2.67256e-08	2.89877e-08	2.04034e-08	4.01487e-08	
3.32243e-08	3.33545e-08	2.23483e-08	4.42359e-08	2.94562e-08	8.41611e-08	4.43718e-08	4.46963e-08	7.74771e-09	2.47203e-08	1.07019e-08	2.26608e-08	5.51389e-08	2.47273e-08	5.06075e-08	3.34079e-08	3.18823e-08	1.45577e-08	3.57955e-08	3.92496e-08	
1.16536e-08	5.73466e-08	4.70367e-08	4.23502e-08	5.80022e-08	4.04503e-08	3.36461e-08	6.64398e-09	2.86631e-09	1.07795e-08	2.75856e-08	5.35378e-08	3.18946e-08	1.92397e-08	2.88926e-08	1.19113e-08	2.50936e-08	2.17322e-08	1.42374e-08	2.32803e-08	
6.83458e-08	5.52115e-08	3.67628e-08	4.52313e-08	3.49975e-08	4.94003e-08	1.17198e-08	2.5967e-08	2.30071e-08	1.41125e-08	3.68201e-08	5.16393e-08	4.88891e-08	4.61594e-08	1.19891e-08	5.54655e-08	3.04178e-08	3.82138e-08	3.86496e-08	5.81702e-08	
6.07837e-08	3.55878e-08	3.66808e-08	5.14575e-09	6.9639e-09	4.18472e-08	7.6521e-09	3.9727e-08	5.02569e-08	3.6795e-09	4.12285e-08	8.8554e-09	3.15026e-08	1.3643e-08	2.91995e-08	4.33694e-08	1.42733e-08	3.81981e-08	2.09416e-08	1.94346e-08	
3.06336e-08	5.63061e-08	3.21722e-08	9.99608e-09	4.05925e-08	3.00507e-08	3.70047e-08	2.94093e-08	3.93639e-08	2.82784e-08	4.15977e-08	2.42063e-08	3.3111e-08	5.01166e-08	1.9931e-08	4.07616e-08	2.15263e-08	4.76243e-08	6.77246e-09	6.50842e-08	
6.23261e-08	2.10374e-08	2.866e-08	4.70428e-08	3.32419e-08	2.57653e-08	4.3869e-08	2.61158e-08	3.7655e-08	1.67956e-08	1.32612e-08	1.93077e-08	3.60957e-08	4.24037e-08	3.69559e-08	4.22699e-08	3.14709e-08	5.02747e-09	3.20751e-08	1.94362e-08	
3.4708e-08	5.44853e-08	1.6028e-08	3.88392e-08	6.5619e-08	2.31252e-08	8.80259e-09	6.65957e-09	5.74246e-09	4.05958e-08	3.57483e-08	1.79261e-08	8.31694e-09	4.69106e-08	2.29401e-08	1.59967e-08	1.29304e-08	4.96585e-08	4.36168e-08	3.2226e-08	
6.58693e-08	3.80423e-08	4.63409e-08	1.83728e-08	2.87595e-08	4.52111e-08	7.52601e-09	2.60964e-08	4.13734e-08	6.80098e-09	2.94191e-08	1.67302e-08	4.13651e-08	4.09047e-08	3.18869e-08	3.10645e-08	1.70655e-08	1.74215e-08	4.12932e-08	3.92211e-08	
4.26292e-08	5.66059e-08	2.71914e-08	1.83013e-08	2.63095e-08	4.01095e-08	1.40111e-08	2.49258e-08	6.69175e-09	3.90383e-08	1.36126e-08	1.5645e-08	2.73658e-08	5.27354e-08	4.64016e-08	3.06561e-08	3.30899e-08	3.6153e-08	3.10497e-08	3.41497e-08	
4.56622e-08	1.3796e-08	1.52633e-08	1.23627e-08	9.73327e-09	3.23588e-08	2.95101e-08	2.97185e-08	3.06761e-08	1.35871e-08	4.2248e-08	3.81421e-08	1.22957e-08	2.57432e-08	4.9791e-08	3.24725e-08	6.79787e-08	5.35873e-08	2.67982e-08	5.3696e-08	
1.31852e-08	3.90277e-08	1.69278e-08	4.55176e-08	5.80529e-08	5.63426e-08	6.42733e-08	1.89755e-08	5.55562e-08	1.6304e-08	1.98493e-08	5.24728e-09	2.94044e-08	2.64844e-08	4.20397e-09	2.77517e-08	3.18193e-08	5.7179e-08	3.42623e-08	7.48759e-08	
3.37225e-08	1.40951e-08	2.54348e-08	1.91391e-08	5.98164e-08	6.31559e-08	3.80093e-08	1.65365e-08	2.8257e-08	5.66906e-08	3.35499e-08	3.30489e-08	4.12501e-08	1.90651e-08	5.22923e-08	1.27433e-08	1.90287e-08	5.02505e-08	2.50483e-08	5.37979e-08	
4.18697e-08	2.06743e-08	1.11218e-08	3.76286e-08	4.28717e-08	5.25929e-09	3.24511e-08	5.20647e-08	1.32752e-08	3.60186e-08	4.31683e-09	2.93927e-08	4.98525e-08	1.85688e-08	1.09416e-08	3.1319e-08	3.916e-08	4.49715e-08	4.44175e-08	4.64946e-08	
6.19717e-09	4.9044e-08	1.32655e-08	2.36615e-08	5.2198e-08	4.6649e-08	2.25088e-08	3.94038e-08	1.68625e-08	3.34199e-08	3.19421e-08	5.20139e-08	1.77299e-08	4.03065e-08	3.47399e-08	6.06348e-09	5.80876e-08	5.45457e-08	2.08001e-08	3.91982e-08	
2.32707e-08	4.37597e-08	1.74928e-08	4.77146e-08	3.64635e-08	1.31614e-08	2.06784e-08	4.66453e-08	6.31222e-08	4.98665e-08	2.28257e-08	4.89317e-08	7.17311e-08	2.23833e-08	4.743e-08	2.82717e-08	3.22092e-08	6.05244e-08	2.26865e-08	4.76776e-08	
4.23054e-08	3.21059e-08	5.01748e-08	4.65098e-08	5.13768e-08	3.02321e-08	2.18459e-08	3.4327e-08	5.58597e-08	4.15729e-08	2.91324e-08	4.19462e-08	1.71307e-08	3.69549e-08	1.95456e-08	1.84471e-08	4.08553e-08	5.51631e-08	1.96556e-08	1.2289e-08	
4.1513e-08	3.11099e-08	1.2211e-08	1.93501e-08	3.99748e-08	1.45172e-08	3.29659e-08	3.80711e-08	5.36602e-08	4.03471e-08	5.14407e-08	3.46684e-08	5.93201e-08	3.13909e-08	3.74666e-08	1.44417e-08	3.92104e-08	4.07755e-08	1.6262e-08	1.43374e-08	
2.77077e-08	3.90154e-08	9.7034e-09	2.36701e-08	1.9545e-08	4.17327e-08	3.81589e-08	7.26806e-09	5.34988e-08	5.12033e-08	2.78449e-08	5.32617e-08	1.38156e-08	4.63022e-08	2.75365e-08	1.60732e-08	3.94429e-08	1.81331e-08	2.78275e-08	5.14988e-08	
7.08256e-09	4.01491e-08	5.03288e-08	6.20953e-09	4.32764e-08	2.08951e-08	6.13584e-08	3.801e-08	3.0197e-08	3.89455e-08	4.0762e-08	5.55553e-08	6.89125e-08	3.34992e-08	1.74579e-08	2.22924e-08	3.36681e-08	1.84646e-08	1.85251e-08	2.05106e-08	
B:
6.53384e-40	1.25821e-39	1.2814e-39	1.40286e-38	1.90394e-38	4.13111e-38	9.25512e-39	1.57929e-38	9.88549e-40	1.00031e-40	8.81803e-40	1.03747e-38	2.38041e-38	1.67709e-39	4.5245e-40	3.66418e-39	6.63828e-39	6.66391e-40	2.28385e-39	5.07918e-39	
5.56171e-40	9.35095e-39	2.79486e-39	8.86727e-39	4.01559e-38	5.02814e-38	3.54926e-38	4.25378e-39	1.2352e-40	1.87135e-41	2.99473e-40	4.56746e-39	1.16191e-38	5.07075e-39	3.19384e-39	8.95971e-39	1.64548e-39	6.2061e-40	1.33926e-39	7.08687e-39	
3.33372e-39	2.27961e-38	2.00566e-38	3.40612e-38	2.33309e-38	5.31034e-38	2.07743e-39	8.66137e-41	8.25401e-43	4.69841e-41	1.86011e-39	1.3927e-38	1.34404e-38	1.62116e-39	1.07e-39	8.20408e-40	8.73203e-40	5.60129e-40	6.1273e-40	3.75673e-39	
5.552e-38	6.25843e-38	2.08694e-38	6.47102e-39	1.11594e-38	1.03425e-38	3.77383e-40	5.05304e-40	6.57413e-40	1.05263e-40	6.619e-39	1.87892e-38	2.29269e-38	2.79014e-39	1.25198e-39	4.72172e-39	4.29616e-39	6.11542e-39	6.72793e-39	7.64704e-39	
5.30225e-38	3.10602e-38	3.09975e-39	3.82067e-41	1.56112e-40	2.31066e-39	2.36816e-40	4.11039e-39	5.16841e-39	5.85368e-41	1.98081e-39	5.16809e-40	1.90207e-39	1.53028e-39	9.0099e-40	1.0613e-38	9.26389e-40	4.83885e-39	7.84282e-40	6.63925e-39	
3.75404e-38	1.01807e-38	4.63414e-39	3.50681e-40	1.21212e-39	5.77747e-39	3.29682e-39	5.12063e-39	1.01327e-38	1.36758e-39	3.65909e-39	1.0478e-39	6.47648e-39	5.75442e-39	3.32592e-39	6.60803e-39	2.18275e-39	1.10123e-39	4.45986e-40	1.15292e-39	
1.09672e-38	9.32156e-39	2.32025e-39	5.34204e-39	1.53105e-38	2.8332e-39	2.9231e-39	1.99931e-39	1.45902e-39	8.67827e-40	4.38474e-40	4.29144e-40	2.39447e-39	2.08676e-38	5.47834e-39	6.73258e-39	7.71068e-40	2.17248e-40	5.79977e-40	4.46116e-39	
5.17751e-38	6.99525e-39	2.74837e-39	1.02269e-38	1.59621e-38	3.39778e-39	5.55391e-41	1.53142e-41	1.17382e-40	5.62048e-40	2.18979e-39	2.26379e-40	3.87972e-40	6.01699e-39	2.32783e-39	5.59367e-40	4.26493e-40	1.7274e-39	1.58177e-38	5.29214e-39	
3.55306e-38	4.54007e-38	3.51528e-39	1.49879e-39	6.79201e-39	3.32822e-39	6.9381e-41	4.96443e-40	1.54902e-40	3.15261e-40	4.4091e-40	5.18922e-40	2.19129e-39	2.0593e-38	5.90229e-39	1.33358e-39	3.75584e-40	1.84585e-39	7.64804e-39	9.54982e-39	
5.81336e-38	1.10142e-38	3.75404e-39	2.84069e-40	9.97698e-40	4.85178e-39	3.32915e-40	3.75451e-40	2.10743e-40	9.25526e-41	6.86811e-40	3.31171e-40	2.52103e-39	1.61289e-38	2.24814e-38	5.69279e-39	8.29069e-39	6.47805e-39	5.17789e-39	1.20703e-38	
2.62925e-39	1.55031e-39	1.00801e-40	1.54689e-40	3.74191e-40	5.24121e-39	4.91468e-39	1.66409e-39	1.86909e-39	7.23037e-40	1.63767e-39	8.50362e-40	4.70957e-40	3.81003e-39	5.62733e-39	1.37622e-38	3.53649e-38	4.87443e-38	8.61799e-39	4.2578e-38	
1.45758e-39	3.39741e-40	1.03835e-39	4.32506e-39	4.0815e-38	9.25426e-38	2.57367e-38	3.69497e-39	4.14782e-39	1.67483e-39	5.70327e-40	8.20489e-41	7.83499e-40	4.6503e-40	1.35764e-40	5.82567e-40	1.20731e-38	3.83205e-38	1.7977e-38	9.83017e-38	
1.38074e-39	5.89313e-40	1.73236e-40	3.95617e-39	5.54103e-38	3.7164e-38	1.90829e-38	1.38725e-39	4.70026e-39	8.73875e-39	2.96842e-39	2.48553e-39	7.64491e-39	1.9204e-39	2.84493e-40	6.73639e-40	1.689e-39	1.69588e-38	9.25502e-39	5.63106e-38	
1.32352e-39	1.18432e-39	1.72224e-40	2.06506e-39	1.5144e-38	3.99262e-40	3.1413e-39	4.80344e-39	7.92019e-40	2.79458e-39	7.47272e-41	4.73235e-39	5.29208e-39	1.0778e-39	5.90119e-40	4.07694e-40	1.21442e-38	3.42391e-38	1.04614e-38	3.31028e-38	
2.72444e-40	2.10024e-39	2.89736e-40	4.07162e-39	1.9952e-38	2.78094e-39	2.73883e-39	8.35827e-39	1.95941e-39	5.44787e-39	2.57164e-39	1.11628e-38	8.14017e-39	2.08671e-39	2.34308e-39	2.61646e-40	1.56555e-38	4.69656e-38	3.96336e-39	1.21363e-38	
1.8635e-39	6.55734e-39	2.42322e-39	8.36071e-39	1.35464e-38	7.95929e-40	7.94815e-40	1.91414e-38	4.62162e-38	2.37354e-38	4.68691e-39	4.08013e-38	1.08456e-38	9.58701e-39	4.45952e-39	1.50596e-39	1.7091e-38	3.8306e-38	3.54427e-39	3.62565e-39	
7.56959e-39	1.11345e-38	5.62023e-39	2.44218e-38	2.10434e-38	1.53758e-39	1.41453e-39	1.144e-38	5.79547e-38	2.23482e-38	7.35474e-39	7.58286e-39	7.0857e-39	1.55186e-39	2.1133e-39	6.06422e-40	1.07769e-38	2.97593e-38	7.74684e-40	3.22863e-40	
8.52014e-39	3.56164e-39	3.34474e-40	1.25328e-39	3.12709e-39	1.2953e-39	2.74447e-39	5.9358e-39	4.85638e-38	3.28567e-38	1.22162e-38	2.79133e-38	5.2795e-39	1.39062e-38	1.7616e-39	4.84963e-40	7.72417e-39	6.93756e-39	4.60038e-40	4.11114e-40	
2.20208e-39	3.40045e-39	3.32653e-40	9.9262e-41	2.61299e-39	2.21366e-39	8.97473e-39	5.38618e-40	1.74558e-38	2.48811e-38	1.50502e-38	1.30772e-38	6.15781e-39	4.44188e-39	2.20771e-39	4.67402e-40	3.2945e-39	1.24013e-39	1.47186e-39	2.28753e-39	
2.34765e-40	6.68324e-39	1.4495e-39	3.01729e-40	5.42266e-40	8.13367e-39	1.62964e-38	6.5389e-39	1.13186e-38	1.49634e-38	1.65159e-38	8.90236e-38	2.55734e-38	1.48874e-38	7.12513e-40	5.33287e-40	2.37118e-39	4.28723e-40	3.57396e-40	2.31686e-39	
