ab    -1	1	ba    1	1aa    0	0	bb    0	0
t_a	2.63865	t_b	4.20263
kabin  0.145246  kabout	0.883	 kbain	0.251594	kbaout	0.907239	kaain  0.263002	 kaaout	0.632383	 kbbin	0.379395	kbbout	0.451922	nabin  2.04457  nabout	3.67014	 nbain	2.90116	nbaout	3.54424	naain  2.45189	 naaout	2.88947	 nbbin	2.51565	nbbout	2.31032	alpha	0.123256beta  1.2811
初始值:	0
A:
4.53007e-09	2.00893e-08	5.05043e-09	1.89363e-08	3.02603e-08	1.74597e-08	1.53114e-08	1.85324e-08	2.02389e-08	6.94926e-10	2.17697e-08	1.89865e-08	2.29175e-08	3.56375e-09	3.00775e-09	2.06853e-08	1.48147e-08	9.98936e-09	1.14039e-08	1.74094e-08	
9.96823e-09	1.80074e-08	1.11274e-08	1.85985e-08	1.57982e-08	2.28638e-08	2.43664e-08	2.41932e-08	2.16229e-09	1.34555e-08	5.48895e-09	1.12189e-08	2.96792e-08	1.33994e-08	2.19439e-08	1.82489e-08	1.60862e-08	6.4284e-09	1.48323e-08	2.03221e-08	
5.74734e-09	1.10526e-08	2.45079e-08	1.80373e-08	3.05951e-08	2.16732e-08	8.08905e-09	3.32148e-09	1.11166e-09	5.64584e-09	1.25182e-08	2.27739e-08	1.53633e-08	9.09337e-09	1.241e-08	4.83141e-09	1.05765e-08	1.17187e-08	6.41544e-09	1.27043e-08	
3.25663e-08	2.8734e-08	1.8268e-08	2.34152e-08	1.21308e-08	2.69011e-08	5.19253e-09	9.32233e-09	1.25533e-08	4.06002e-09	2.04751e-08	2.78077e-08	2.43032e-08	2.00317e-08	6.36299e-09	2.85014e-08	1.58897e-08	1.41353e-08	2.14134e-08	2.09096e-08	
2.88515e-08	1.917e-08	1.33897e-08	2.68558e-09	1.11141e-09	2.16926e-08	2.97119e-09	1.90732e-08	2.56195e-08	8.78622e-10	1.83884e-08	4.42542e-09	1.58861e-08	6.05433e-09	6.04934e-09	2.31484e-08	5.083e-09	2.11537e-08	1.93635e-09	1.07792e-08	
1.65885e-08	2.44949e-08	1.76256e-08	3.50573e-09	2.2028e-08	1.36274e-08	1.96821e-08	1.36943e-08	1.81831e-08	1.56699e-08	2.22443e-08	9.75636e-09	1.7044e-08	2.51925e-08	1.04194e-08	2.00091e-08	1.14624e-08	1.93149e-08	3.67067e-09	3.07042e-08	
2.40055e-08	1.11762e-08	1.02898e-08	2.47808e-08	1.82034e-08	1.23705e-08	1.86109e-08	1.40998e-08	1.96752e-08	6.22315e-09	6.54952e-09	1.078e-08	1.67404e-08	2.32516e-08	1.78197e-08	2.2872e-08	1.5887e-08	2.3581e-09	1.08362e-08	9.26878e-09	
1.52618e-08	2.75119e-08	7.69633e-09	2.12025e-08	1.94952e-08	1.27824e-08	4.05454e-09	2.01257e-09	2.56934e-09	2.0498e-08	2.00166e-08	4.73567e-09	3.33985e-09	2.03431e-08	1.16139e-08	7.97973e-09	5.26328e-09	2.61235e-08	2.2961e-08	1.58791e-08	
3.39428e-08	1.90736e-08	1.99378e-08	6.15576e-09	1.60382e-08	2.22762e-08	9.87435e-10	1.43516e-08	2.15142e-08	3.7993e-09	3.16366e-09	9.12418e-09	2.19097e-08	2.11996e-08	1.66626e-08	1.25984e-08	8.98425e-09	6.55757e-09	2.05485e-08	2.0395e-08	
2.35988e-08	1.96228e-08	1.51911e-08	8.01049e-09	1.01552e-08	2.16182e-08	6.13324e-09	1.33839e-08	2.99775e-09	1.56428e-08	7.54958e-09	4.44316e-09	1.19231e-08	2.56291e-08	2.51251e-08	7.19223e-09	1.54806e-08	1.83801e-08	9.57819e-09	1.77803e-08	
2.20614e-08	7.67519e-09	6.86755e-09	6.24753e-09	2.04627e-09	1.40828e-08	1.55947e-08	9.4455e-09	1.68486e-08	5.61337e-09	1.68992e-08	2.06746e-08	6.5905e-09	1.37731e-08	1.89542e-08	1.79301e-08	3.24517e-08	2.70399e-08	1.13114e-08	2.84503e-08	
6.56136e-09	1.95872e-08	9.08823e-09	2.42007e-08	3.0795e-08	2.89284e-08	3.14871e-08	1.00649e-08	2.48851e-08	8.53706e-09	1.04574e-08	1.44332e-09	1.37788e-08	1.10912e-08	2.30214e-09	4.82349e-09	1.6154e-08	2.89412e-08	1.81391e-08	3.01765e-08	
1.62416e-08	7.85032e-09	7.83716e-09	6.34045e-09	3.18953e-08	2.25083e-08	2.09344e-08	5.71001e-09	1.51898e-08	2.32253e-08	1.43136e-08	1.51254e-08	2.28858e-08	1.0278e-08	2.46635e-08	5.60604e-09	1.00762e-08	1.63433e-08	1.12083e-08	2.77251e-08	
2.18551e-08	1.91377e-09	4.58074e-09	1.9579e-08	1.92853e-08	2.5601e-09	1.33836e-08	2.24453e-08	5.59547e-09	1.82283e-08	2.11749e-09	1.22348e-08	2.41773e-08	5.09217e-09	5.99421e-09	1.45507e-08	1.88309e-08	2.44552e-08	1.89595e-08	2.52906e-08	
3.00702e-09	2.19257e-08	6.03376e-09	9.97518e-09	2.2609e-08	2.04161e-08	9.66817e-09	2.15236e-08	7.55761e-09	1.40985e-08	5.40403e-09	2.78998e-08	8.75845e-09	1.88866e-08	1.12324e-08	2.77904e-09	2.3496e-08	2.91923e-08	9.11999e-10	2.12647e-08	
7.61711e-09	2.33261e-08	7.88685e-09	2.30006e-08	1.69863e-08	6.48614e-09	6.96367e-09	2.4918e-08	2.82944e-08	2.5736e-08	1.23633e-08	2.50403e-08	3.32607e-08	1.08954e-08	2.51135e-08	1.22136e-08	1.56089e-08	3.01653e-08	1.24426e-08	1.73094e-08	
2.24573e-08	1.75651e-08	2.55871e-08	2.30508e-08	2.60542e-08	1.46211e-08	1.16424e-08	9.01188e-09	2.97146e-08	2.10869e-08	1.09081e-08	1.34209e-08	9.03974e-09	1.63937e-08	9.81614e-09	2.78351e-09	2.1676e-08	2.72121e-08	6.4946e-09	6.5891e-09	
2.31234e-08	1.58207e-08	5.32335e-09	1.02475e-08	2.20372e-08	3.36923e-09	1.71045e-08	2.07846e-08	2.81323e-08	2.1132e-08	2.35855e-08	1.92273e-08	2.17309e-08	1.69212e-08	1.81263e-08	6.66495e-09	1.85611e-08	2.22472e-08	1.67345e-09	7.81347e-09	
6.65972e-09	2.14443e-08	4.76178e-09	1.00435e-08	9.78114e-09	2.30221e-08	2.08516e-08	1.78858e-09	2.3374e-08	2.02018e-08	1.47302e-08	1.32911e-08	7.05266e-09	1.80887e-08	1.07324e-08	8.64245e-09	1.96602e-08	7.54406e-09	1.55694e-08	1.74243e-08	
3.5295e-09	1.9098e-08	2.44729e-08	3.44722e-09	1.5625e-08	1.16499e-08	2.59442e-08	2.05873e-08	1.54496e-08	1.85006e-08	1.99301e-08	2.68689e-08	3.51317e-08	1.6254e-08	8.67867e-09	9.22908e-09	1.8268e-08	1.01294e-08	7.26096e-09	1.14826e-08	
B:
5.59856e-30	9.22662e-31	8.27628e-30	1.07883e-29	9.58125e-30	2.58974e-29	1.63333e-29	1.57307e-29	3.62465e-31	1.19751e-29	6.58903e-31	1.23291e-29	9.60507e-30	3.38946e-30	6.11966e-30	2.46879e-30	6.40038e-30	1.7119e-30	4.40344e-30	6.82635e-30	
1.01115e-30	3.34335e-30	7.95984e-30	7.00459e-30	3.94253e-29	1.5471e-29	1.00258e-29	2.52338e-30	5.22653e-30	2.63363e-32	5.2145e-30	1.38413e-29	6.61057e-30	7.15912e-30	2.28036e-30	6.86384e-30	2.86142e-30	3.43566e-30	1.86695e-30	5.53489e-30	
1.05536e-29	1.38862e-29	5.06131e-30	3.25551e-29	8.6309e-30	2.30999e-29	3.92045e-30	1.59741e-30	1.83137e-31	5.00878e-31	3.87584e-30	8.29331e-30	2.07045e-29	5.98004e-30	1.53189e-30	9.65455e-30	2.55092e-30	9.95746e-31	5.79014e-30	6.85698e-30	
1.9487e-29	1.67686e-29	2.46686e-29	3.0886e-30	1.75137e-29	5.79729e-30	2.3193e-30	1.27137e-30	1.26823e-30	1.20436e-30	6.56257e-30	1.08428e-29	1.53221e-29	2.06547e-30	8.33178e-30	2.89597e-30	5.00154e-30	9.87927e-30	1.69281e-30	5.5127e-30	
2.57439e-29	3.05748e-29	4.8314e-30	1.42681e-30	5.07775e-30	1.8733e-30	7.73103e-30	3.19769e-30	2.99358e-30	6.93993e-30	2.45529e-30	1.07662e-29	3.24792e-30	8.4083e-30	2.09395e-30	5.43884e-30	1.06651e-29	1.31003e-30	4.61035e-30	1.0527e-29	
4.05947e-29	7.27426e-30	3.21425e-30	8.39004e-30	8.92103e-31	1.30934e-29	2.62458e-30	1.03324e-29	1.24006e-29	2.36379e-30	2.92394e-30	3.90467e-30	8.60089e-30	4.53729e-30	9.32027e-30	8.75458e-30	5.65995e-30	1.10594e-30	6.5692e-30	5.29776e-31	
4.71562e-30	2.11077e-29	6.00676e-30	3.57541e-30	1.50295e-29	6.73679e-30	2.89055e-30	3.77459e-30	1.38347e-30	6.41727e-30	5.31309e-30	1.01795e-30	3.88412e-30	1.60502e-29	8.87568e-30	6.15801e-30	1.49547e-30	1.09449e-29	1.06589e-30	1.3599e-29	
5.85277e-29	3.57703e-30	1.5218e-29	4.94878e-30	8.90901e-30	4.97018e-30	7.20957e-31	7.74842e-31	6.92478e-30	5.92829e-31	7.64474e-31	1.67341e-30	6.93632e-30	5.35964e-30	6.57439e-30	3.36927e-30	5.21846e-30	9.55884e-31	1.16428e-29	9.87457e-30	
1.40518e-29	3.76146e-29	2.47285e-30	7.53767e-30	4.9345e-30	3.15669e-30	2.23614e-30	1.0295e-30	1.84136e-31	5.84284e-30	1.31242e-30	7.10153e-31	2.02813e-30	1.95725e-29	1.00674e-29	1.35202e-30	1.24361e-30	1.20253e-29	5.38843e-30	1.10094e-29	
3.73701e-29	7.68715e-30	3.89022e-30	1.01476e-30	2.39756e-30	3.44066e-30	3.19244e-30	6.14456e-31	8.51443e-30	9.76508e-32	1.27232e-30	2.69775e-30	5.0891e-30	1.08668e-29	9.01091e-30	1.03838e-29	8.33898e-30	5.11586e-30	8.81061e-30	1.44922e-29	
2.94166e-30	8.86716e-30	1.06013e-30	1.38962e-30	6.00735e-30	8.89038e-30	5.96005e-30	4.28526e-30	1.62858e-30	4.88644e-30	1.82504e-30	4.04077e-31	5.61038e-30	6.36926e-30	5.26931e-30	6.81439e-30	1.36285e-29	2.57282e-29	1.84601e-29	1.52763e-29	
1.40127e-29	5.02635e-31	5.06366e-30	3.39857e-30	2.18059e-29	3.47689e-29	1.29352e-29	1.05962e-29	2.98323e-30	7.11872e-30	1.39809e-30	5.57164e-30	1.50269e-30	1.27037e-30	5.40198e-30	1.50026e-30	1.34259e-29	1.43414e-29	1.72137e-29	3.50443e-29	
2.51823e-30	2.02699e-30	3.32606e-31	1.87095e-29	1.52088e-29	1.93809e-29	1.14701e-29	9.10616e-30	5.36326e-30	4.39219e-30	3.04534e-30	3.03481e-30	6.78986e-30	6.93785e-30	1.97674e-31	3.80571e-30	4.58589e-30	1.2414e-29	1.68524e-29	2.35357e-29	
3.48521e-31	4.37589e-30	7.98491e-31	1.27615e-30	1.36539e-29	1.29797e-29	4.20584e-30	2.13223e-30	6.81415e-30	1.93975e-30	2.88503e-30	9.4444e-30	2.6379e-30	5.33685e-30	4.18663e-30	6.34006e-31	1.11785e-29	1.85569e-29	6.22079e-30	2.52284e-29	
9.0556e-30	7.12323e-31	1.83617e-30	1.04311e-29	8.18227e-30	1.41439e-30	6.37751e-30	7.28622e-30	9.54075e-30	4.58341e-30	4.45272e-30	3.15926e-30	4.21896e-29	8.5064e-31	3.47096e-30	6.08404e-30	8.06945e-30	1.52793e-29	1.73857e-29	4.91387e-30	
7.48051e-30	4.03807e-30	1.45262e-29	4.87764e-30	1.46651e-29	5.22258e-30	3.45685e-30	7.79743e-30	2.26027e-29	1.31378e-29	8.37563e-30	2.16903e-29	3.70855e-30	2.84945e-29	1.80433e-30	2.1445e-30	2.22505e-29	1.94972e-29	4.00757e-30	3.70715e-30	
7.21127e-30	2.19169e-29	3.73197e-30	1.98672e-29	1.36879e-29	2.36798e-30	2.39536e-30	2.17958e-29	2.1309e-29	2.21945e-29	1.00253e-29	7.1327e-30	1.97958e-29	2.21115e-30	6.42652e-30	2.92531e-30	7.11241e-30	1.64116e-29	2.43543e-30	1.52193e-30	
5.53112e-30	8.54536e-30	4.43481e-30	5.71562e-30	2.73421e-30	1.37467e-29	4.50175e-30	4.32623e-30	3.0032e-29	2.77775e-29	7.88654e-30	1.08709e-29	3.34416e-30	1.2207e-29	1.80091e-30	2.47222e-30	9.91699e-30	4.037e-30	3.31692e-30	7.09924e-31	
7.09775e-30	2.15391e-30	6.00865e-30	3.49477e-31	1.01677e-29	2.03878e-30	8.73436e-30	2.04821e-29	7.70163e-30	1.43825e-29	1.38941e-29	8.74363e-30	2.29023e-29	3.05296e-30	3.65869e-30	2.14479e-30	3.5298e-30	8.61534e-30	6.83918e-31	2.1791e-30	
3.17685e-30	7.85649e-30	8.88651e-31	8.26927e-30	6.31257e-31	2.09463e-29	1.01979e-29	4.77864e-30	1.85214e-29	1.20684e-29	1.60777e-29	2.57829e-29	8.28993e-30	1.79162e-29	2.50517e-30	2.34977e-30	3.29369e-30	1.79532e-30	2.75927e-30	2.71773e-30	
